x y z
-222 29 -22
-227 15 -18
-217 22 -22
-214 26 -23
-214 30 -24
-196 25 -48
-189 15 -38
-190 9 -50
-209 14 -69
-247 1 -71
-254 4 -104
-273 13 -167
-330 -2 -204
-253 -51 -282
-281 -123 -266
-405 -80 -291
-448 -24 -256
-447 -23 -218
60 -40 -111
160 17 -4
56 60 -52
-168 60 -97
-356 211 -248
-624 197 -329
-453 134 -214
-155 -35 -104
91 -117 -55
143 -96 -82
58 -96 -64
-432 -42 -215
-685 -64 -319
-481 22 -95
-396 60 -55
169 35 -9
118 25 -25
6 93 -130
-161 66 30
-665 231 -378
-558 30 -107
-296 -32 -36
-82 -8 -108
109 -85 -116
9 -123 -59
-213 -93 -50
-619 -30 -202
-508 129 -64
-263 59 -5
103 -15 -50
172 38 -31
-91 56 4
-435 219 -141
-668 304 -316
-583 23 -133
-403 27 -81
136 -117 -52
126 -79 -102
-7 -158 -40
-208 -167 -32
-602 -111 -200
-615 117 -165
-310 44 -79
93 19 -48
80 67 -88
-132 88 -11
-374 209 -125
-749 239 -385
-341 -104 -35
-71 1 -128
83 -106 -93
157 -70 -97
-267 -192 -30
-624 -55 -208
-601 -42 -307
-573 130 -54
75 5 -54
209 68 -13
102 36 -58
-61 89 -20
-655 334 -390
-740 111 -148
-460 -40 -64
-120 -30 -81
86 -126 -60
23 -141 -84
-193 -170 -54
-661 -1 -60
-844 -183 -289
-302 73 3
-41 9 -19
189 40 -14
149 66 -88
-234 81 -11
-665 246 -219
-762 183 -204
-489 -121 -57
92 -132 -60
86 -111 -64
38 -89 -139
-84 -176 14
-756 32 -392
-565 -56 -118
-321 124 -66
-119 23 7
158 36 -34
23 36 -35
-190 61 35
-758 232 -273
-614 -69 -86
-200 -26 -53
21 -53 -100
103 -102 -91
-65 -172 -39
-312 -83 -85
-701 35 -311
-672 -150 -74
-198 44 28
118 3 -44
208 49 -37
71 27 -66
-322 230 -74
-674 336 -408
-678 103 -106
-338 -98 -51
66 -110 -75
104 -100 -117
-39 -153 -31
-258 -179 -42
-787 -94 -219
-413 218 -51
-250 71 4
-7 -17 -11
182 19 -56
-102 64 -23
-260 103 -19
-612 286 -212
-444 -120 -29
-226 28 -31
23 -39 -115
104 -132 -65
-141 -185 1
-476 45 -127
-606 85 -400
-558 80 -67
-128 8 -13
200 9 -72
207 18 -40
3 35 -52
-142 54 37
-636 304 -390
-705 36 -116
-382 -36 -3
-129 -3 -81
103 -96 -84
15 -153 -87
-96 -215 -51
-625 -52 -240
-410 192 -66
-215 59 -20
64 17 -13
123 74 -32
-67 41 0
-361 181 -40
-805 277 -293
-675 65 -134
-95 21 -92
69 -97 -77
117 -108 -84
41 -118 -83
-566 44 -120
-746 -13 -403
-457 113 -69
-312 71 21
176 75 -39
84 64 -73
-62 8 -25
-210 74 -30
-559 323 -303
-480 -46 -20
-192 7 -73
45 -118 -89
99 -146 -88
-105 -187 -49
-406 -12 -98
-750 69 -337
-535 -32 -58
-130 19 -43
155 1 -4
186 47 -55
-219 49 17
-521 299 -72
-693 219 -297
-507 -31 -81
-41 -12 -103
94 -96 -97
144 -112 -119
-46 -189 -14
-554 91 -348
-530 13 -128
-433 96 6
-129 60 -13
199 64 -44
-21 17 -56
-158 31 64
-545 241 -158
-551 -41 -104
-301 -31 -7
-104 -13 -57
65 -85 -81
135 -96 -71
-143 -138 -38
-703 -99 -192
-779 -126 -188
-372 111 -67
-165 2 16
83 9 -87
192 70 -38
95 50 -42
-376 125 -68
-608 260 -354
-638 70 7
-496 -68 1
-17 -21 -103
103 -94 -81
73 -79 -59
-26 -80 -26
-590 9 -210
-662 -20 -187
-448 109 -39
-242 48 9
149 38 -27
104 55 -78
-94 55 19
-479 343 -194
-525 106 -167
-280 11 -98
-14 -67 -76
79 -148 -49
106 -126 -101
-368 -42 -77
-710 73 -234
-617 -74 -198
-420 173 -50
72 -32 -18
183 14 -10
95 87 -97
-221 83 19
-606 216 -415
-504 31 -121
-291 -58 -39
-38 13 -120
87 -120 -90
-28 -117 -82
-233 -213 -73
-693 50 -399
-434 104 -62
-255 46 -23
27 -2 -34
161 17 -2
-95 65 -7
-451 198 -123
-636 315 -423
-670 43 -168
-92 -10 -97
38 -90 -55
74 -113 -79
66 -102 -89
-700 34 -161
-673 -76 -171
-432 130 -72
-348 72 22
-10 5 -31
134 55 -87
-77 43 -43
-237 85 -36
-725 237 -228
-450 -42 -46
-232 19 -32
35 -44 -106
91 -114 -101
-26 -190 -32
-409 -20 -22
-732 50 -257
-418 102 -23
-139 30 5
115 12 -43
167 51 -59
-117 24 13
-298 156 -88
-678 299 -317
-659 62 -107
-219 23 -60
5 -47 -80
109 -108 -63
91 -89 -83
-732 -20 -228
-641 -95 -193
-486 123 -71
-308 73 -7
192 27 0
123 50 -43
-65 65 -31
-228 147 -1
-644 287 -265
-485 -77 -37
-244 -16 -28
-28 -40 -88
86 -119 -48
-60 -211 -17
-389 33 -121
-666 68 -289
-584 -86 -88
-229 52 17
45 8 -28
167 55 -15
130 -9 -38
-466 229 -128
-719 292 -334
-568 109 -101
-327 -63 -30
30 -79 -94
116 -113 -87
77 -105 -77
-154 -140 -13
-659 -100 -173
-531 120 -89
-412 68 36
-45 -12 -7
158 48 -86
-36 9 -5
-238 146 -68
-611 382 -408
-781 145 -203
-206 -27 -68
39 -69 -80
118 -90 -77
89 -94 -81
-480 -29 -123
-777 73 -445
-372 21 -105
-438 117 -4
45 -5 -31
219 34 -99
85 -19 -63
-97 11 34
-698 274 -396
-599 97 -199
-308 -76 -65
-350 -38 -3
-77 -50 -30
17 -22 -73
130 -40 -92
-208 -69 -160
-257 84 -101
-371 121 -31
-313 37 -14
-271 -18 -66
-215 -26 -21
-203 -51 -8
-222 11 -26
-265 106 -76
-332 69 -81
-257 18 -23
-177 6 -55
-171 23 -33
-196 43 -54
-232 48 -45
-262 60 -41
-255 31 -31
-228 21 -38
-226 18 -22
-240 28 -9
-241 38 -16
-241 37 -29
-251 30 -12
-287 21 -14
-272 17 -11
-255 -8 -17
-221 -32 -20
-189 -51 -24
-211 -54 -15
-266 -39 -9
-237 -38 -13
-232 -36 -5
-239 -46 -1
-243 -46 -12
-248 -50 -13
-249 -48 -6
-258 -36 -17
-244 -34 -3
-253 -30 0
-280 -25 -4
-293 -10 -23
-247 9 -18
-212 13 -18
-222 -5 -26
-240 2 -37
-247 9 -26
-215 16 -20
-235 19 -16
-250 12 -18
-248 19 -3
-241 20 8
-244 22 7
-240 27 5
-236 30 8
-239 20 20
-248 22 17
-250 25 22
-242 17 25
-234 12 31
-236 8 28
-232 6 28
-234 5 30
-236 6 25
