conteo
1 -13 221
1 -14 233
1 -15 232
0 -15 234
1 -15 233
1 -14 236
1 -15 234
1 -15 235
1 -16 235
1 -16 233
1 -15 234
2 -15 234
1 -15 233
1 -14 235
1 -16 234
1 -13 233
1 -15 233
2 -15 232
1 -15 235
2 -15 234
1 -15 234
3 -15 234
4 -16 235
3 -15 234
3 -14 234
2 -14 235
3 -14 233
3 -8 228
3 -15 235
3 -15 235
3 -15 234
4 -15 235
2 -14 236
2 -15 233
2 -15 236
-11 -20 234
-14 -16 234
-18 -12 237
5 -11 233
4 -4 239
13 -8 224
31 -16 234
9 -6 243
10 -11 232
-13 13 241
-19 5 238
-3 -3 234
-5 -4 238
-28 -14 232
-42 29 258
0 28 246
-13 39 216
-3 34 212
7 51 228
5 45 219
2 40 211
5 43 236
23 44 245
6 34 236
5 6 231
1 -9 235
-1 -7 235
3 -18 239
69 8 223
93 1 207
125 5 196
133 6 197
132 6 200
130 4 190
72 14 233
53 8 224
7 11 240
-8 3 235
-17 -2 230
-15 -4 229
-10 -3 236
-7 -7 245
46 0 245
98 0 203
113 9 203
136 0 194
140 1 194
141 1 194
138 2 203
129 1 200
110 0 198
77 9 233
65 3 227
42 0 228
18 0 240
-1 1 244
2 -10 234
-9 -8 270
41 -1 204
46 2 240
70 4 222
83 6 223
104 6 211
109 4 210
109 2 205
84 6 230
71 3 227
44 1 235
28 -3 228
3 -8 237
1 -12 235
2 -12 234
2 -6 243
7 -6 250
42 1 220
63 12 232
83 3 217
111 5 209
122 2 202
125 4 208
127 3 198
119 2 198
81 6 219
54 3 235
10 -4 237
-2 -11 241
0 -12 236
1 -11 234
3 -13 241
10 -6 244
45 3 221
77 5 229
94 3 216
106 4 214
120 4 209
129 2 194
130 2 198
114 5 190
50 2 234
30 -1 237
13 -4 238
5 -9 239
1 -11 235
2 -12 235
1 -9 238
17 -2 231
59 5 224
69 7 233
89 6 216
105 6 214
115 5 209
124 4 204
124 2 193
103 6 208
63 7 249
50 1 226
25 -3 236
12 -6 231
2 -15 236
3 -13 234
5 -19 236
4 -15 235
2 -15 235
3 -14 234
-18 -16 235
3 -17 235
40 8 229
-30 -2 243
-24 0 227
-28 3 229
-42 14 231
-54 22 223
-60 32 217
-76 40 201
-70 39 208
-65 36 206
-50 31 213
-34 26 228
5 9 255
22 5 231
16 0 238
6 -5 242
2 -8 253
33 0 239
86 10 209
126 7 197
146 6 180
149 10 187
137 8 185
96 6 214
67 11 241
54 5 222
26 1 234
-38 10 275
3 -9 235
4 -10 236
-23 19 230
-20 6 249
-46 21 228
-61 38 214
-86 46 196
-97 52 188
-98 51 188
-79 55 199
-45 51 227
-15 37 248
33 29 251
46 23 228
63 15 227
112 13 206
130 10 191
130 13 204
133 11 192
125 7 187
85 10 224
64 9 235
16 24 226
-5 29 230
-42 40 224
-65 50 210
-78 53 200
-88 58 198
-89 59 193
-72 60 202
-53 49 205
-23 50 235
21 49 241
54 34 222
62 37 226
74 34 222
121 25 195
123 24 198
111 27 216
114 17 201
100 17 192
51 35 243
17 34 240
6 33 229
-47 49 220
-58 52 212
-71 56 202
-80 61 200
-71 58 183
-32 52 205
3 58 234
34 56 226
69 52 224
91 47 203
101 46 207
106 43 207
113 40 205
112 37 201
109 33 199
84 34 201
52 40 229
9 47 253
-18 42 225
-22 47 218
-49 51 218
-61 51 210
-61 55 206
-59 58 207
-58 53 207
-31 50 217
9 53 249
87 30 209
111 30 206
134 26 191
148 19 188
153 19 187
152 15 183
137 13 175
53 31 225
29 34 231
17 36 242
-13 40 232
-49 42 216
-55 50 212
-69 54 206
-66 56 208
-37 54 196
1 59 239
50 49 231
93 43 213
111 38 203
121 39 198
130 34 195
129 32 187
101 38 204
71 40 228
52 45 235
16 45 233
-2 47 223
-24 62 220
-37 62 213
-43 66 202
-31 72 216
0 66 216
30 60 222
102 49 203
112 54 213
137 50 184
135 50 186
124 48 187
110 52 205
66 50 211
47 55 228
-6 59 221
-26 66 218
-46 64 203
-61 66 202
-76 66 199
-79 62 196
-72 67 204
-55 62 214
23 61 232
49 58 224
70 56 212
90 50 197
83 50 208
72 42 219
64 31 206
14 21 232
3 1 233
5 -7 233
4 -2 233
4 -2 234
4 -3 233
5 -3 233
0 -1 233
3 4 235
37 13 233
-40 10 232
-24 16 239
44 12 233
-21 6 229
46 14 232
-34 2 224
8 10 236
46 4 230
-40 9 235
38 4 233
-2 1 228
44 -5 241
-40 7 234
29 -1 230
6 6 244
-30 16 237
35 2 237
-35 17 227
51 13 235
-52 8 234
8 6 230
46 2 233
-31 2 229
14 0 231
9 3 233
-20 40 247
-8 39 212
-5 38 186
-5 43 216
2 44 240
-3 37 249
1 44 203
-3 45 201
4 26 242
2 16 265
0 48 231
2 49 178
-4 43 217
62 5 279
-6 48 205
-5 44 188
52 1 253
7 9 239
3 15 232
5 14 232
5 3 234
4 1 234
4 -1 234
3 0 233
2 -1 235
3 -4 234
8 32 284
0 24 196
-4 29 200
3 25 261
-9 34 191
5 30 250
-1 34 254
-6 37 205
0 41 202
0 35 230
0 12 247
4 36 239
-6 52 232
-14 62 210
-6 72 207
-10 80 203
-3 87 198
-3 83 193
-8 79 201
7 60 232
7 42 232
-12 26 248
3 18 236
3 5 233
3 -1 233
4 -1 233
3 -2 234
3 -1 234
-12 -3 237
-16 29 253
-12 40 204
-20 54 222
-2 67 217
-7 79 199
-12 91 199
-4 95 198
-1 92 198
-2 84 206
-2 73 212
3 63 216
-4 48 224
-2 30 232
3 2 234
5 -3 233
3 0 233
2 0 234
-3 10 234
-15 29 256
3 51 225
-19 65 208
-4 84 211
-4 95 196
-5 117 193
-3 117 184
-8 114 177
-14 112 189
-9 109 198
-7 88 200
-2 58 227
0 39 228
0 23 235
7 13 236
4 -4 236
3 -2 232
2 -1 234
3 -2 235
5 13 238
5 22 239
2 52 211
0 56 209
-1 51 222
-1 47 225
2 37 231
5 17 239
4 10 233
3 4 234
2 2 235
2 2 235
2 4 232
3 9 232
3 2 232
3 1 234
2 0 234
3 0 233
1 -3 236
2 -4 233
2 -4 233
1 -6 234
1 -6 235
2 -6 234
4 -7 235
1 -6 234
3 -6 233
3 -8 234
2 -5 234
2 -3 234
4 -2 236
1 21 242
-4 29 223
0 42 218
-1 33 218
10 41 250
16 16 231
12 17 229
5 -3 236
4 -5 235
2 -2 235
2 -4 235
2 -3 234
17 -1 233
25 -2 233
27 -1 244
49 0 219
49 1 231
31 -2 228
9 -5 243
4 -4 238
4 -6 234
2 -6 235
2 -9 246
24 -4 227
34 -4 232
47 0 227
61 1 229
62 0 229
62 1 234
68 2 225
70 4 229
89 2 215
94 3 216
96 2 216
96 1 203
75 4 236
59 0 231
38 -2 240
40 -2 233
42 -2 229
37 -1 246
59 0 224
69 2 223
55 0 236
40 -3 243
39 -2 239
65 1 228
76 2 214
72 0 219
57 -1 236
52 0 233
61 0 216
41 -2 243
41 -2 234
43 0 248
73 4 213
52 1 231
34 -4 240
25 -6 259
64 1 213
51 1 243
42 -1 251
75 5 211
88 -1 182
44 -1 251
84 -1 179
42 -2 255
51 3 243
78 1 198
60 1 233
59 0 224
31 -4 244
24 -3 260
70 4 217
89 2 222
110 1 205
115 -3 189
75 16 240
45 -2 237
22 -6 246
20 -5 240
42 -1 229
60 1 231
77 2 227
95 3 212
95 2 212
80 3 230
54 -1 232
34 -3 243
30 -4 242
65 0 227
79 5 229
102 4 216
118 2 200
116 1 195
67 2 229
42 -1 239
34 -3 234
23 -5 238
16 -9 254
56 1 216
95 4 216
106 3 210
109 0 204
97 1 210
71 1 241
38 -5 238
29 -6 247
46 -2 234
69 3 230
105 0 196
90 2 230
92 1 192
51 -2 250
49 -4 223
26 -8 244
32 -3 248
69 3 227
92 1 213
110 2 213
121 0 199
77 -4 228
58 -2 234
41 -4 231
21 -10 247
46 0 231
82 2 215
97 2 216
108 2 205
105 2 202
85 -1 217
35 -4 236
26 -7 236
19 -9 247
39 -2 233
64 1 223
102 2 209
111 1 201
102 2 207
60 0 231
41 -2 236
28 -8 236
17 -9 234
9 -10 234
4 -10 234
6 -5 236
-8 2 229
-14 10 233
-21 13 236
-29 16 233
-37 30 225
-42 31 215
-43 33 221
-44 32 220
-31 25 220
-7 31 231
21 18 233
21 0 233
40 1 224
-28 0 240
31 -1 240
37 -18 229
-40 7 231
34 -1 236
0 -10 246
21 -3 235
0 -3 235
4 -2 228
3 -1 234
-4 22 240
-2 35 233
-13 42 220
2 54 229
27 53 210
60 30 216
54 22 218
25 13 246
2 17 242
-18 33 239
9 61 213
32 69 196
88 79 195
120 57 187
125 43 199
81 18 223
30 16 233
4 23 252
-33 35 245
-42 43 220
0 74 196
61 87 185
104 96 175
137 56 181
132 48 200
108 15 196
-2 -11 229
-15 -4 255
-23 3 236
-18 35 231
17 72 184
53 97 183
80 85 179
112 61 188
78 34 208
9 -8 238
-3 -5 247
-29 -6 239
-17 19 220
15 61 209
54 61 195
55 33 245
16 12 232
6 0 242
2 -2 235
4 3 231
4 3 234
5 -1 235
2 1 235
2 0 232
2 2 233
5 3 232
4 2 233
3 1 233
3 2 232
3 6 229
4 5 231
5 4 233
3 4 234
3 4 234
1 3 233
1 0 234
2 -4 237
-2 -1 233
13 1 227
0 -5 236
1 -2 235
0 -4 233
1 -2 234
2 0 234
5 -2 234
4 11 256
-8 34 237
8 54 221
69 69 205
110 48 171
118 28 188
84 23 215
46 7 232
8 -7 241
-8 -7 246
-4 28 231
16 53 232
9 68 203
72 73 185
102 60 201
89 35 215
71 27 219
33 14 230
1 -3 239
-31 -14 239
-32 -8 226
-47 4 231
30 73 213
59 69 202
77 50 201
77 30 219
52 14 220
108 84 232
-7 -14 240
-25 -4 228
-16 2 224
-6 16 244
2 -3 235
5 -9 235
3 -4 233
2 -4 234
2 -5 233
3 -3 234
2 -4 234
3 -6 233
4 -7 233
4 -5 233
4 -3 234
2 -2 233
2 -2 234
3 -5 235
2 -5 234
3 -7 233
2 -5 233
1 -7 237
1 -7 234
1 -5 234
2 -6 232
3 -8 236
-1 -7 234
1 -6 233
1 -5 236
6 -6 232
3 -12 235
2 -11 234
2 -15 237
1 -12 234
3 -16 234
4 -15 235
2 -12 235
2 -12 235
2 -13 235
3 -11 233
3 -14 234
3 -12 237
3 -13 235
3 -12 233
2 -15 237
2 -11 235
7 -9 232
2 -10 235
4 5 234
26 34 236
58 51 206
91 34 194
65 20 214
60 20 239
-3 44 244
15 59 225
30 68 224
47 74 194
114 85 186
105 29 206
57 31 240
18 44 244
6 60 237
6 74 221
124 75 159
137 49 182
104 14 186
75 27 231
24 40 251
11 79 228
70 95 189
139 80 157
192 44 139
118 22 224
52 34 248
-12 70 240
33 87 222
82 111 184
186 54 135
155 6 156
149 24 218
50 30 248
5 45 240
21 70 207
114 90 170
179 51 149
164 23 153
132 2 184
28 32 252
18 43 247
9 64 237
58 76 199
139 76 157
144 17 180
120 20 207
84 29 221
67 32 223
35 28 223
18 15 271
4 2 235
-5 -1 233
-5 -1 232
-8 2 233
-10 6 230
40 28 235
29 18 233
43 13 232
87 11 220
109 12 210
125 10 201
135 11 203
141 10 193
142 9 191
124 10 198
106 11 215
71 14 241
52 20 226
22 30 232
11 30 229
-8 29 232
-15 24 228
-19 21 229
-21 28 226
-12 29 231
7 27 237
22 24 230
34 24 234
75 18 224
96 16 214
116 17 204
130 15 202
144 16 192
157 16 180
156 15 183
150 14 181
125 17 197
92 22 222
54 36 228
40 34 227
25 35 228
4 36 228
-11 32 233
-23 33 223
-25 34 225
-25 35 226
-21 33 220
30 12 259
38 23 232
55 22 228
70 16 225
90 13 218
111 9 209
130 8 200
131 8 201
133 7 197
131 8 201
111 10 198
79 14 220
43 15 238
29 23 230
11 27 237
-12 32 230
-22 34 226
-24 33 223
-8 37 238
33 24 228
49 23 228
63 18 224
65 18 226
68 18 221
66 16 222
53 17 229
35 19 222
18 20 228
3 4 232
-5 2 232
-8 15 231
-13 16 230
-15 14 229
-15 48 239
12 18 235
51 15 229
63 16 231
77 15 221
88 16 216
94 19 213
89 17 213
78 10 225
66 10 228
56 12 226
42 10 233
16 12 226
-6 18 232
-15 21 230
-20 29 223
-24 31 223
-2 31 225
2 33 235
27 26 235
51 27 228
82 32 217
141 31 185
151 30 185
159 28 173
151 24 184
133 17 188
60 23 231
28 10 237
18 7 235
2 -2 235
3 -7 236
26 1 218
5 -6 234
4 -7 234
4 -8 232
4 -8 234
4 -7 233
4 -6 235
4 -6 234
3 -7 234
4 -7 234
3 -7 235
4 -7 233
4 -8 235
4 -8 236
4 -7 233
4 -8 234
4 -8 234
3 -8 235
4 -9 234
4 -8 234
5 -9 234
4 -9 235
3 -9 234
4 -7 234
1 -9 234
2 -11 233
3 -10 235
5 -12 234
3 -10 234
3 -10 234
4 -11 235
3 -10 234
-2 -13 237
3 -12 234
3 -11 235
3 -11 234
3 -10 235
2 -10 235
2 -9 234
2 -10 234
2 -12 235
4 -10 236
2 -10 234
4 -11 233
3 -11 233
3 -11 234
4 -13 234
3 -12 235
3 -12 235
3 -12 233
3 -11 234
3 -12 235
3 -11 234
4 -12 234
4 -12 234
3 -12 234
3 -14 235
4 -12 234
4 -13 233
3 -12 234
3 -12 234
2 -11 234
4 -13 233
4 -13 236
3 -12 234
2 -12 234
4 -12 234
4 -12 234
2 -13 234
3 -13 233
3 -12 234
2 -12 234
3 -11 236
3 -14 235
3 -14 236
3 -14 235
3 -14 236
3 -13 234
3 -12 235
2 -11 234
2 -13 235
