X	Y	Z
2	-17	223
2	-19	233
2	-16	234
2	-18	235
2	-17	234
2	-17	234
3	-17	233
2	-16	234
2	-17	237
4	-18	233
3	-18	233
3	-18	233
5	-19	234
4	-18	233
3	-19	232
5	-17	233
5	-21	234
4	-19	234
4	-18	233
10	-24	237
4	-20	235
4	-20	232
4	-19	233
5	-18	235
4	-18	235
0	-34	235
14	-19	235
-3	-15	236
2	-7	243
2	0	258
1	11	244
16	41	207
91	14	188
80	37	207
30	33	267
0	22	236
35	35	244
81	9	143
96	26	201
50	30	205
-20	34	249
-17	19	230
-29	22	238
-15	23	230
13	24	242
41	20	220
78	18	235
88	27	212
41	36	230
18	34	236
30	34	237
66	26	221
80	21	199
36	24	253
66	10	166
60	24	216
32	29	266
61	27	272
73	24	197
58	22	237
61	35	230
62	26	235
70	19	211
50	27	258
45	18	227
53	21	229
31	17	227
18	16	235
11	17	232
4	15	236
22	23	228
84	20	212
90	26	203
91	26	209
80	25	221
41	32	232
35	34	236
35	35	226
53	31	212
60	36	215
69	41	222
73	37	219
82	33	213
89	35	212
90	35	213
89	34	209
94	43	220
92	39	214
82	34	222
80	34	227
63	32	220
58	45	229
38	76	212
29	92	193
52	110	177
43	103	170
54	83	166
23	38	253
13	1	261
-7	12	241
0	10	232
23	22	260
27	44	246
24	76	203
26	102	182
18	145	145
28	148	144
25	140	150
32	116	157
17	114	197
26	54	237
20	36	247
16	29	254
13	37	250
16	67	221
17	89	197
22	109	188
20	116	167
9	117	170
27	104	196
13	83	219
18	67	222
17	57	227
22	54	242
17	61	229
15	80	223
16	94	204
13	122	170
13	122	158
20	118	171
17	101	188
24	78	210
18	41	246
18	26	237
19	24	226
15	19	239
16	24	239
17	28	248
25	36	228
20	63	215
28	80	210
24	98	183
18	99	184
17	89	203
16	71	221
22	55	241
22	59	235
20	73	222
17	94	209
16	107	174
15	102	185
5	102	204
16	85	218
17	76	226
12	77	234
17	88	215
9	109	200
4	119	175
14	133	161
1	135	161
5	127	169
15	120	191
11	90	200
27	63	233
29	51	219
20	43	230
24	32	222
12	16	237
15	10	239
1	12	235
18	9	224
4	-4	234
3	-3	233
3	-4	233
0	-7	235
7	-6	236
-8	-5	243
18	4	247
67	17	220
90	12	210
119	12	208
128	11	202
125	11	195
107	5	203
83	12	214
8	8	259
-9	12	230
-12	13	230
-20	11	228
-6	10	238
14	23	246
53	6	220
66	9	220
67	7	223
52	6	219
23	9	252
-2	9	236
0	9	233
10	13	240
10	7	240
27	5	240
60	6	224
82	10	216
77	5	211
58	10	225
23	8	241
4	7	234
-3	9	232
-7	9	232
8	11	240
24	15	235
78	10	215
79	9	218
69	8	218
40	12	232
2	8	237
-1	9	230
-4	10	233
-4	10	232
-14	11	232
28	15	234
46	13	223
51	14	228
59	13	220
14	13	238
-4	8	232
-10	10	230
-4	11	232
18	14	226
37	17	226
51	16	225
58	15	223
54	17	226
35	15	222
16	10	231
2	8	237
3	6	233
9	17	249
24	20	243
24	32	237
21	62	232
22	76	200
22	105	176
18	101	187
20	90	198
17	75	211
12	33	231
5	6	249
1	4	236
3	9	234
2	24	244
11	34	233
18	56	225
18	73	209
13	84	192
20	87	206
19	68	210
13	52	231
20	33	230
13	23	237
2	9	238
3	1	235
5	0	233
4	-2	233
7	-7	229
5	-12	248
33	-3	231
74	2	214
102	3	214
108	3	210
107	2	211
98	-4	200
29	-1	235
7	2	248
-6	5	233
-10	5	233
-19	5	231
6	11	247
54	-1	220
73	4	228
95	3	212
118	3	200
108	3	207
86	2	219
59	10	240
3	-19	277
-7	2	234
-15	9	234
-31	8	225
-41	9	228
-51	26	251
-8	17	231
31	20	221
70	20	220
83	6	218
79	6	224
76	3	212
49	7	227
8	10	236
-9	8	231
-15	10	230
-21	12	232
-33	13	227
-11	15	234
34	19	220
55	16	228
67	13	223
76	12	218
64	14	218
24	21	240
28	9	229
-24	16	230
-33	16	228
-32	19	226
-33	21	226
-35	21	241
33	19	224
64	16	223
79	4	219
88	4	220
97	1	208
34	8	231
-8	27	256
-16	11	228
-18	10	231
42	12	218
62	-1	167
13	16	248
-1	9	264
48	10	213
6	-8	257
-9	-1	232
22	10	214
20	11	238
34	-3	175
-18	30	252
3	3	271
22	40	257
9	-1	165
-5	17	233
6	10	232
-17	50	259
8	1	187
1	1	239
23	5	177
-4	8	245
10	15	252
1	5	249
21	0	164
1	20	243
2	5	231
-4	9	231
-4	7	233
1	8	231
-6	11	231
2	8	234
-6	10	232
2	8	230
-9	9	231
-7	5	231
18	9	228
59	-2	227
83	2	212
86	1	215
78	-5	201
31	5	236
3	2	244
1	2	233
-6	2	237
-22	6	229
-37	10	230
-34	6	228
-18	7	235
5	3	235
13	1	243
37	0	231
75	2	220
94	1	211
90	-1	208
37	10	225
2	-2	248
-1	1	236
-19	4	232
-29	6	229
-33	5	229
-38	6	226
-2	7	246
12	3	246
51	1	217
68	3	228
85	2	216
76	3	219
53	-2	208
7	1	257
0	1	233
-21	4	233
-31	5	230
-38	6	228
-42	6	227
-41	7	223
14	2	254
17	-2	235
37	0	246
79	1	210
94	1	219
92	1	212
81	1	211
32	1	228
-4	2	232
-10	3	234
-18	2	229
-26	5	231
-33	5	228
-37	5	225
-16	11	230
-4	-3	257
29	2	228
65	-2	220
69	0	221
76	-1	209
48	-2	233
-1	0	236
-2	3	235
-20	5	233
-31	5	227
-31	6	230
-33	5	228
-29	10	235
2	10	251
36	4	226
62	2	223
59	2	223
34	5	225
11	1	246
-9	6	234
-29	5	227
-33	6	229
-37	6	225
-40	5	223
13	6	245
28	1	227
46	0	240
63	-1	219
61	1	227
37	8	236
24	8	237
5	13	228
2	16	240
-2	35	229
-2	58	215
-1	73	203
7	87	196
16	89	197
6	80	200
6	65	215
17	45	225
18	29	236
14	14	235
11	5	233
3	-2	238
6	-6	233
4	-3	234
3	-5	234
2	1	233
0	-6	236
-6	4	260
-9	22	230
-1	35	224
14	45	224
42	44	212
117	25	221
108	13	212
111	9	210
113	9	205
65	36	227
23	45	228
-8	63	227
-40	69	203
-80	83	190
-84	85	187
-92	86	190
-77	85	191
-49	80	183
35	65	213
91	42	204
149	80	205
128	26	202
146	13	189
148	12	189
119	32	196
107	35	208
60	52	223
-23	76	214
-39	87	209
-54	89	199
-76	90	183
-76	95	188
-67	94	189
-53	90	199
-21	72	197
81	27	281
125	12	203
137	16	193
147	13	189
150	12	185
117	41	225
89	38	221
41	55	235
-6	69	223
-78	92	179
-78	97	191
-104	97	174
-100	98	174
-88	97	173
-16	83	201
44	69	220
87	54	209
117	45	197
118	44	200
79	44	224
60	44	241
37	53	238
0	78	198
6	95	190
10	95	187
9	78	199
11	62	218
21	36	242
22	33	254
22	35	246
14	52	229
6	89	189
2	108	186
3	110	183
2	99	189
12	70	221
11	59	227
13	57	232
8	54	237
10	55	233
2	70	213
2	84	208
-1	97	199
1	104	193
1	91	199
0	80	208
0	66	225
17	52	228
9	40	208
11	25	243
0	19	236
5	-4	236
2	-3	234
2	-5	233
-10	-15	231
6	-5	233
5	-11	245
60	3	220
87	1	209
82	0	209
54	1	230
25	-2	234
-21	7	230
-30	10	232
-47	13	224
-43	12	224
31	26	232
73	6	214
91	0	219
104	-2	206
108	-2	201
57	-4	229
35	-1	231
24	1	238
13	-2	240
7	0	233
4	1	238
13	-2	228
13	0	234
6	-2	233
18	-2	229
11	-3	239
13	-4	234
11	-2	235
15	-3	234
15	-6	238
18	-6	234
23	-5	231
22	-9	229
18	-7	233
12	-11	237
2	-18	237
8	-12	240
21	-1	235
7	-23	227
5	-15	236
2	-7	233
5	-8	235
5	-17	239
14	-10	242
7	-17	252
87	1	207
94	-6	183
56	-14	230
21	-11	237
8	-10	243
-9	4	234
-16	5	232
-36	10	226
-29	16	260
40	15	217
69	22	221
97	2	198
86	1	211
18	11	233
1	12	240
-9	12	232
-17	9	230
-20	10	230
-5	20	227
17	20	238
52	21	224
69	16	223
94	12	216
91	9	216
81	8	212
52	19	230
32	4	233
-3	12	233
-13	9	233
-19	8	233
-24	14	227
1	23	219
6	29	239
18	32	238
38	58	233
32	87	196
38	84	180
40	85	187
25	80	200
44	58	224
21	34	230
18	6	241
17	0	230
-6	-4	247
5	-5	234
4	-4	236
3	-4	234
3	-3	233
0	34	238
8	55	209
8	75	201
17	88	198
13	92	193
11	78	201
8	67	215
2	44	235
13	26	235
5	8	231
2	-1	236
8	-8	233
7	-4	235
5	-3	236
14	18	239
12	33	232
8	52	224
10	66	213
11	80	194
2	78	199
4	73	216
11	57	221
-1	29	209
3	5	235
3	-1	238
8	-10	232
8	-8	236
6	-11	244
20	-5	244
52	3	222
77	6	225
106	4	209
108	3	208
95	3	210
72	2	209
28	5	231
-22	9	230
-39	9	228
-56	11	222
-68	12	223
-68	11	219
-49	9	221
-40	29	230
-3	25	226
55	25	219
73	16	216
77	12	223
82	9	209
68	13	219
12	12	248
-13	15	235
-23	11	232
-35	9	224
-47	10	221
-42	18	224
-20	26	250
10	22	227
69	16	224
85	10	216
90	9	214
92	5	206
76	18	225
0	16	236
-15	12	234
-21	14	232
-37	13	226
-53	14	221
-46	11	224
-14	29	231
33	24	227
55	22	229
73	16	217
74	13	217
63	18	225
29	22	243
-22	14	231
-33	18	229
-33	17	227
-41	13	225
-5	29	238
26	25	221
67	22	229
83	9	217
99	5	212
95	2	191
64	13	225
23	16	240
4	13	231
-28	17	231
-35	13	227
-47	13	223
-54	15	222
-45	17	220
1	30	232
48	25	227
69	21	221
90	12	213
113	1	204
97	-2	222
68	14	221
32	22	230
-35	23	235
-37	12	226
-52	12	221
-37	24	228
-26	32	234
59	23	210
86	22	217
106	9	211
114	8	212
126	0	200
101	0	192
56	16	228
15	17	245
-21	13	230
-38	15	230
-38	14	227
-48	11	224
-29	23	228
23	6	254
78	10	221
102	2	204
104	3	217
84	10	174
44	20	239
-3	20	237
-19	18	240
-26	16	230
-36	14	226
-17	26	250
10	15	235
53	11	229
91	-2	207
68	24	220
60	23	232
31	28	210
-54	50	236
-54	24	219
-58	12	226
-59	6	223
-45	5	227
-89	-21	260
2	-5	233
4	-5	234
5	-3	235
3	1	230
5	-10	237
5	0	237
0	-24	238
14	-8	236
58	10	199
82	38	222
101	45	202
131	48	158
49	24	222
23	17	246
-34	20	251
-44	2	225
-68	-3	219
-64	-3	220
-41	3	258
22	21	215
52	30	213
94	43	211
106	47	179
85	40	210
54	29	218
-16	11	241
-27	-7	236
-58	0	225
-66	1	222
-23	13	223
7	18	233
51	28	221
76	31	220
94	40	208
97	40	196
68	32	213
42	24	233
7	16	241
-52	5	231
-50	1	223
-64	1	219
-64	4	252
-15	15	235
54	30	224
87	40	222
97	44	209
113	48	178
64	28	222
14	20	227
-1	52	291
13	-2	239
8	1	230
7	-4	225
5	-3	231
-54	20	223
0	-74	287
8	-5	234
13	-32	231
8	-1	235
3	-11	233
-3	-1	232
5	-9	237
5	-12	232
3	-11	234
-13	-3	236
4	-11	235
2	-11	236
-6	-12	236
-2	-6	229
1	-8	234
2	-9	236
3	-11	235
8	-13	231
8	-31	244
-22	7	238
6	-10	237
-2	-10	277
78	1	218
138	4	190
132	2	178
112	9	215
73	16	230
1	26	237
-21	33	222
-33	38	223
-44	45	221
-64	53	210
-52	34	210
-14	44	217
45	26	254
80	-1	223
100	2	208
93	1	201
65	14	232
-4	20	287
-52	50	212
-62	53	207
-71	58	206
-78	60	201
-64	45	218
30	45	255
66	-2	236
91	3	213
104	1	208
80	3	219
57	21	223
4	23	279
-34	42	223
-64	58	198
-40	39	213
11	46	230
36	25	239
66	-4	223
77	-1	219
46	1	209
7	7	272
-13	25	221
-43	44	215
-47	44	212
-16	23	225
34	19	242
58	-4	224
48	-4	207
11	6	282
6	19	227
-3	34	230
-30	39	217
5	25	262
46	25	208
54	-7	230
11	-6	257
-23	14	258
2	-4	237
3	-5	234
3	-6	234
2	-5	233
4	-5	235
3	-6	232
3	-6	230
2	-7	234
2	-7	233
2	-6	233
2	-5	233
1	-9	235
2	-11	234
2	-9	236
6	-9	231
1	-9	234
2	-9	233
2	-10	235
1	-10	235
2	-9	234
3	-8	234
0	-10	234
5	-10	231
2	-8	232
1	-9	235
0	-9	233
1	-8	234
1	-9	234
2	-8	233
1	-8	233
0	-9	234
1	-8	234
1	-10	233
1	-10	235
1	-8	233
1	-10	233
1	-9	233
0	-10	233
1	-8	233
1	-8	234
1	-9	232
1	-10	234
0	-9	234
0	-9	232
1	-10	232
1	-9	234
1	-9	234
0	-8	235
1	-9	235
0	-9	232
1	-9	233
1	-10	235
1	-8	235
0	-9	234
1	-9	234
1	-9	234
2	-10	234
0	-9	233
0	-8	233
1	-9	234
1	-9	231
1	-9	234
1	-9	235
0	-10	236
1	-9	234
1	-8	234
1	-8	233
1	-9	233
