x y z total
-7.155
0.869
2.136
1.872
13.020
2.371
-2.257
1.152
-5.901
-3.790
0.405
0.799
1.218
3.180
1.706
-1.523
1.360
1.352
1.742
5.522
5.394
20.612
37.673
51.449
82.751
633.726
1204.025
522.862
124.210
-687.134
-1344.481
-482.690
370.097
999.384
486.701
19.793
-503.302
-729.998
-21.921
657.023
521.594
370.486
-88.710
-649.619
-516.933
-434.165
1239.806
885.043
541.431
27.836
-1318.486
-660.623
-220.021
572.095
560.879
279.402
-292.005
-754.298
-665.625
-359.341
620.811
1221.366
713.457
-46.248
-614.341
-941.097
-213.727
378.167
548.114
307.431
-43.783
-361.413
-396.772
-476.118
-99.173
655.720
497.453
1604.379
98.982
-632.931
-362.241
-1277.681
790.370
793.799
585.740
132.749
-1222.687
-703.007
-419.275
515.798
1460.573
296.588
-345.437
-989.327
-1379.001
111.621
879.297
500.144
620.916
-233.774
-925.286
-217.348
-408.570
301.704
1012.867
700.429
79.575
-262.229
-976.237
-1048.090
-441.806
-526.454
-114.673
-20.789
88.048
268.650
34.925
153.997
-15.272
-93.367
139.027
144.238
34.698
-61.824
-140.895
-253.852
-112.374
-125.219
-131.741
-71.436
-30.962
-23.026
-0.132
-1.752
-12.052
-4.413
-2.917
-4.032
1.708
-2.709
-0.387
1.832
2.881
3.294
-2.301
-0.912
-3.282
-0.824
8.557
-0.471
1.936
-1.280
-7.355
-0.657
0.339
-0.631
3.084
1.152
-3.280
-0.427
-4.767
-3.321
3.480
0.304
-0.751
1.430
