x y z total
2.768
2.059
4.654
5.936
2.179
1.303
3.666
2.620
2.438
4.289
7.543
-5.961
-12.607
-10.208
52.563
28.608
22.116
11.316
-61.040
-24.289
-11.442
-1.451
-1.521
-0.577
-1.957
-3.335
-4.235
-3.180
0.221
2.924
2.835
1.778
2.209
8.277
37.691
115.279
247.604
611.757
958.299
141.682
-324.181
-663.785
-932.618
503.555
863.251
688.335
286.911
-637.328
-628.178
-365.132
-92.400
353.250
437.120
452.930
68.885
-302.960
-493.567
-429.327
198.981
465.689
2166.823
405.998
-333.432
-477.285
-1969.664
298.364
372.214
604.712
162.770
-920.081
-487.825
-615.546
133.523
1118.919
941.405
2379.601
27.254
-881.240
-619.231
-1878.002
-200.480
382.852
324.953
-218.251
-216.497
-512.091
-364.224
269.381
924.966
739.704
177.050
-535.920
-1010.239
-689.684
106.073
533.265
688.419
465.058
-466.161
-737.661
-658.329
-108.342
1026.000
1586.540
1225.678
-236.127
-969.439
-1076.311
-768.855
169.272
602.573
252.179
-46.375
-204.407
-442.152
-194.814
386.131
1128.865
2053.378
202.441
-734.335
-1216.375
-1740.030
264.718
474.640
591.029
-293.854
-959.680
-470.297
-643.008
287.288
1313.593
844.571
3002.323
72.002
-1015.212
-764.661
-2808.900
-293.771
471.164
492.450
-36.858
-78.118
-431.693
-197.369
806.712
1264.446
333.419
-404.129
-1048.572
-1479.254
-336.607
1153.718
570.841
784.639
-87.175
-1305.627
-562.319
-716.252
653.056
1258.840
551.418
963.450
-614.761
-1112.145
-518.811
-748.958
377.562
305.971
470.461
-416.027
-486.040
-139.324
-51.018
847.544
808.584
701.481
-300.376
-827.240
-992.204
-1034.377
-270.021
-75.978
-20.281
0.268
14.808
7.178
-16.944
-8.598
-9.281
-4.464
1.041
-5.765
-4.465
1.162
1.077
2.393
6.373
2.599
4.065
-4.273
-7.473
-3.198
2.015
0.648
2.203
-0.758
-3.103
-3.053
2.583
1.056
0.258
0.275
-2.776
2.344
1.232
0.312
-1.793
-2.181
-2.807
1.685
