x y z total
-6.686
3.033
3.117
0.211
8.870
-0.633
-3.098
1.170
-1.290
-2.422
-0.273
0.470
1.143
1.671
-1.755
-1.733
-0.558
1.326
3.574
4.945
3.112
4.134
3.454
0.037
-1.720
-2.278
0.010
-0.585
5.100
9.064
26.788
51.974
95.917
179.569
1378.777
537.047
272.536
-275.214
-1495.974
-476.938
153.768
992.579
725.978
79.955
-434.360
-747.530
-281.479
745.753
635.672
808.685
-51.781
-934.193
-708.813
-912.362
-45.846
1212.832
1092.770
632.938
-62.242
-758.220
-702.004
521.852
524.834
461.376
99.554
-1266.506
-709.935
-697.541
226.568
1544.263
1239.518
175.619
-574.413
-1173.792
-893.861
379.037
1005.138
843.111
556.914
-646.487
-865.138
-747.811
-146.628
1161.833
2569.199
445.103
-508.252
-952.324
-2151.392
44.669
869.640
840.828
-405.434
-923.137
-881.339
-800.009
1194.745
1530.075
1865.154
254.547
-1106.591
-1125.297
-1218.020
261.529
749.149
580.122
-551.441
-977.426
-889.515
-373.694
989.183
1648.364
294.124
-400.558
-1068.049
-1164.719
371.037
693.553
874.978
580.153
-395.272
-557.650
-799.544
-470.363
704.924
-43.276
122.762
-354.219
-1025.440
472.349
718.311
654.700
890.866
-102.493
-1071.452
-621.502
-832.348
183.239
1531.591
976.008
852.718
-487.460
-1178.349
-790.132
-39.156
796.273
655.440
488.843
-918.294
-839.192
-694.771
-51.282
1369.152
1140.858
80.892
-641.014
-1278.698
-1044.581
450.326
404.122
532.246
281.664
-817.990
-233.749
-426.844
-165.624
1119.396
828.320
1039.092
499.530
-993.782
-1021.177
-1275.434
-815.103
592.048
406.647
503.349
-96.484
-652.228
-215.156
-60.923
528.288
148.124
-89.358
-295.696
260.882
-87.810
-182.679
-247.945
-884.427
-258.924
-69.082
-20.279
-9.707
2.394
1.179
2.449
13.453
-0.758
1.444
1.514
-7.337
-1.050
-4.710
-6.697
-4.232
-1.828
3.327
3.288
3.032
-0.251
-1.697
4.242
1.633
-0.426
-0.268
-6.731
