x y z total
3.643
4.450
4.846
8.007
0.707
-0.672
-1.569
-6.430
-1.774
1.064
2.151
4.622
3.436
-0.886
-1.774
1.706
0.212
4.667
6.230
8.703
43.906
231.816
993.760
898.635
438.230
92.933
-944.011
-1018.170
-285.406
-155.246
55.774
171.920
-171.205
-6.595
151.434
494.781
497.415
347.986
-158.478
-463.798
-513.912
-582.708
131.970
575.016
276.284
147.192
-197.062
-627.561
-128.374
44.741
175.464
495.650
563.817
318.493
-24.148
-556.008
-857.434
-563.715
-15.132
119.886
172.564
151.562
-87.640
3.686
86.063
261.885
610.827
602.850
217.648
-220.466
-817.994
-895.395
-416.326
1049.864
460.751
277.403
108.696
-1099.003
-222.096
-21.783
339.393
341.474
295.785
40.860
-375.314
-397.976
-467.048
-68.449
160.782
779.798
884.495
164.413
-102.336
-727.095
-823.671
-203.100
-54.883
-17.240
-2.875
0.446
-1.727
-2.117
-4.839
-3.156
2.577
3.055
1.930
0.832
-2.112
-2.003
-1.258
0.552
1.468
3.187
1.330
-0.629
-0.385
-3.972
0.512
-13.018
-2.591
4.231
-1.137
13.030
