x y z total
1.624
7.437
5.828
1.653
4.294
-2.412
-3.522
-3.151
-8.145
3.725
11.066
18.168
17.777
5.633
-4.158
5.680
14.837
122.064
282.754
715.110
591.338
371.513
101.543
-459.886
-424.300
-465.164
-81.829
627.629
1045.584
625.735
-76.058
-822.755
-1151.150
-557.201
859.310
697.741
1018.692
287.450
-1162.988
-801.131
-1032.230
221.763
1464.566
1199.544
1779.266
37.911
-1134.215
-819.551
-1319.547
847.702
1137.292
706.246
-212.908
-1454.368
-1227.531
-837.925
402.232
1484.964
2882.392
671.012
-471.766
-1319.807
-2316.442
302.307
834.526
975.848
-512.430
-1228.933
-980.387
-1024.043
910.437
1542.087
2023.110
643.275
-834.320
-1148.243
-1705.493
799.765
1115.001
767.332
-1.692
-1590.487
-1181.403
-769.440
425.724
1754.655
1064.248
66.810
-702.818
-1562.883
-1032.902
429.578
914.922
867.858
628.568
-848.205
-865.339
-805.587
-549.612
1406.664
839.862
879.096
2.150
-1248.948
-805.918
-733.090
1018.068
1060.192
952.929
82.251
-1348.957
-790.799
-694.372
852.885
2131.623
354.349
209.316
-1079.112
-1375.838
-294.651
-577.571
-225.011
-638.448
-478.414
-105.078
-13.890
-77.748
3.536
-14.400
-36.208
-51.983
-19.334
1.987
5.151
2.604
7.115
-0.499
-4.717
-1.860
-3.833
2.180
-6.487
-3.387
-3.456
-3.977
6.835
2.205
1.415
1.243
0.524
2.064
-2.392
18.771
4.818
-0.233
10.281
-18.189
-4.801
-1.934
-13.226
-3.795
-1.262
-0.093
5.251
4.204
1.411
1.923
-1.794
-2.379
1.209
1.214
4.150
3.955
5.566
-2.318
-2.404
-1.531
-2.148
2.535
-0.078
-0.697
-1.608
-0.584
-1.072
0.758
-1.917
-2.296
