x y z
183 71 119
192 74 130
192 74 135
192 74 134
190 73 132
186 71 132
182 77 138
190 81 135
173 72 140
174 86 150
149 113 158
161 116 156
159 98 158
162 98 138
152 93 146
160 99 147
156 98 153
157 100 159
139 108 161
148 108 174
137 108 139
134 102 154
171 101 172
220 86 232
308 106 298
271 108 288
25 90 -8
-80 72 -185
-116 97 -298
-164 109 -232
-148 59 -27
494 -5 412
643 -112 306
542 -65 167
257 -19 146
-72 101 -12
-367 177 -42
-318 171 22
-34 133 184
630 -126 187
606 -106 124
384 -22 90
184 8 40
-439 204 175
-112 186 143
101 87 166
415 -21 116
529 -54 72
261 42 116
15 160 332
27 185 350
134 92 201
348 -32 -216
317 -34 -237
187 59 -123
111 57 -5
276 137 487
310 128 423
252 86 244
236 3 24
209 -62 -159
196 43 -152
121 54 -51
210 10 208
237 78 495
209 99 353
235 -37 101
265 -115 -137
284 -92 -228
165 46 -59
204 -24 174
205 19 421
176 51 490
164 75 271
201 -5 78
232 -57 -88
309 -77 -178
299 -11 -104
210 -9 168
79 5 375
-7 136 544
88 143 393
200 11 69
273 -26 -71
282 -2 -127
281 28 -44
81 26 139
87 31 312
132 122 448
164 82 350
199 10 108
239 -15 -45
253 2 -91
231 27 -25
168 42 63
351 30 311
394 -2 284
370 -5 182
311 -1 82
-134 59 -50
-379 191 23
-193 185 55
-54 95 209
577 -83 164
631 -137 99
431 -39 116
225 10 97
-350 151 1
-394 214 -8
-239 136 33
-41 -16 217
510 -115 228
616 -109 110
375 -57 135
104 -7 111
-116 64 27
-341 211 44
-172 101 111
181 -4 178
564 -75 142
348 1 98
179 81 105
11 115 126
-52 152 147
188 94 437
398 39 303
355 -57 120
282 -60 12
223 -30 -105
138 94 -149
65 48 30
218 1 337
324 82 565
231 8 215
226 -69 -37
246 -125 -210
249 -92 -233
124 2 61
180 -11 375
326 45 505
327 43 381
160 0 140
205 -60 -46
253 -89 -128
318 -42 -134
290 -5 -78
138 -37 273
231 -3 469
264 31 444
208 21 323
221 -83 -5
277 -116 -128
311 -59 -110
258 8 7
144 58 166
165 61 210
149 47 188
178 17 185
391 -74 179
561 -94 144
440 -148 128
170 -122 126
-155 31 35
-289 180 31
-154 50 137
280 -107 224
598 -189 195
515 -133 110
275 -83 86
54 -2 40
-208 72 -22
-234 166 110
-7 74 259
311 -77 216
517 -166 203
637 -171 -9
362 -58 75
167 -22 76
-166 29 10
-439 216 66
-164 56 181
285 -77 224
544 -154 195
613 -157 94
360 -31 96
173 -2 111
-39 42 59
-289 172 78
-162 127 50
13 5 194
436 -16 165
461 -58 141
401 -38 69
191 48 104
152 67 175
164 85 357
254 96 364
312 -112 -122
240 -130 -190
231 -75 -138
186 -5 -57
182 -10 370
247 41 552
241 49 432
191 1 236
241 -96 -55
322 -88 -143
314 -21 -101
259 31 -7
176 23 80
183 103 515
261 54 342
242 -37 162
323 -112 -31
317 -101 -154
251 -8 -77
149 11 55
144 10 233
291 71 394
231 17 206
236 -55 46
296 -75 -95
275 -4 -64
220 46 44
166 67 165
153 96 237
200 98 211
218 22 105
243 -2 50
256 -14 56
309 -24 95
523 -14 154
397 -130 122
2 -78 18
-331 123 -12
-152 130 49
82 29 219
471 -54 244
537 -105 202
396 -19 80
228 10 56
84 58 16
-84 112 -32
-278 196 23
-144 76 121
146 -37 255
590 -137 176
631 -148 139
318 -48 109
105 5 85
-102 86 26
-282 199 9
-168 119 59
15 36 168
443 -55 197
496 -100 161
288 -3 85
172 50 108
114 90 119
90 103 124
123 99 145
165 15 321
215 12 364
259 -36 246
311 -109 30
302 -84 -83
276 -8 -50
185 19 32
164 2 202
188 49 509
216 40 326
220 -34 152
261 -107 -33
276 -133 -145
192 11 -58
132 -3 87
196 -7 352
299 37 486
265 -35 143
239 -62 5
249 -70 -124
232 -30 -179
155 -17 66
245 -31 373
330 27 532
356 0 362
206 -116 4
241 -130 -153
283 -81 -200
236 2 -116
194 22 5
219 17 349
281 17 279
282 17 145
221 8 71
217 3 58
230 10 85
229 12 108
230 9 129
273 -25 138
409 -49 94
517 -54 50
416 -196 52
-198 242 192
-208 223 152
-126 115 0
116 27 -14
386 -100 123
561 -106 183
400 -14 182
252 34 122
57 36 28
-303 200 -75
-228 155 15
-75 74 205
342 -17 255
581 -128 127
439 -70 106
256 -5 99
68 52 45
-217 191 -2
-268 238 39
-143 152 88
75 29 166
491 -71 148
506 -80 121
354 3 107
154 41 66
-161 86 32
-217 185 35
-72 95 159
400 -44 180
545 -136 198
460 -50 101
281 -20 124
25 -3 111
-269 90 9
-284 190 49
-133 97 116
230 -43 167
606 -144 135
644 -120 121
300 19 98
66 17 66
-141 78 56
-249 216 58
-46 214 129
18 145 158
196 89 119
243 49 99
358 69 272
259 123 415
222 27 208
272 -104 -80
250 -39 -247
168 55 -93
92 -1 87
196 -15 366
334 31 479
216 5 279
191 -58 35
301 -135 -234
318 -35 -185
197 17 -74
59 -57 82
290 -29 375
308 31 411
256 -9 211
233 -77 38
248 -133 -111
298 -23 -115
284 28 -72
178 15 16
30 3 218
379 93 516
264 12 362
260 -43 224
259 -145 0
304 -74 -250
226 40 -107
151 81 44
120 90 197
199 134 275
224 83 164
222 73 122
195 64 77
205 58 71
194 47 110
237 24 146
397 -1 158
487 -23 125
214 -53 88
-95 46 24
-410 200 -7
-291 170 -12
298 13 222
622 -111 185
686 -111 77
435 -49 114
214 13 50
-380 214 -18
-281 207 -5
-120 140 104
233 23 176
670 -132 115
499 -72 93
268 -16 84
93 43 50
-266 240 4
-214 194 58
-34 123 151
334 -38 150
616 -137 96
447 -48 104
265 5 95
56 21 73
-231 129 57
-182 177 54
8 141 136
327 -21 202
598 -116 107
363 -15 59
168 53 45
2 93 26
-113 199 45
57 200 83
146 166 113
215 139 97
248 123 68
243 111 56
203 126 69
196 134 75
185 135 81
206 131 82
200 126 76
202 124 68
208 121 58
197 125 64
203 125 59
201 123 59
201 119 71
208 123 62
198 117 66
212 110 58
213 110 65
221 107 67
225 104 65
224 103 68
217 104 65
215 105 65
215 102 64
213 102 66
220 99 65
224 93 60
223 90 63
223 90 68
231 84 64
236 81 62
240 81 64
226 84 62
223 86 65
219 87 66
223 85 64
220 81 60
226 79 71
219 73 85
233 68 91
241 64 103
219 59 101
195 64 124
194 76 95
240 66 142
204 50 143
206 45 145
173 40 142
167 31 130
156 15 165
204 57 153
191 52 151
185 53 154
185 57 137
190 61 155
184 56 148
193 65 138
190 67 136
193 64 134
190 67 132
191 67 134
