x y z total
-0.1 -15.7 18.4 24.19
0.0 -16.9 19.1 25.50
-0.1 -16.5 19.1 25.24
-0.2 -16.7 19.2 25.45
0.0 -17.0 19.2 25.64
0.0 -16.9 19.1 25.50
-0.2 -16.9 19.1 25.50
-0.2 -16.6 19.2 25.38
0.0 -16.6 19.0 25.23
-0.1 -16.7 19.2 25.45
-0.6 -16.9 19.1 25.51
0.3 -16.8 19.3 25.59
0.2 -16.4 19.2 25.25
-1.2 -17.1 19.0 25.59
-0.5 -16.4 19.1 25.18
-0.7 -17.1 19.4 25.87
-0.6 -16.7 19.2 25.45
-0.1 -17.0 19.2 25.64
-0.2 -17.0 19.2 25.65
0.2 -16.9 19.1 25.50
-0.2 -16.9 19.1 25.50
0.2 -17.9 18.9 26.03
0.6 -18.0 19.5 26.54
1.7 -18.1 20.3 27.25
-0.7 -17.9 22.8 29.00
-6.0 -16.9 29.5 34.52
-9.7 -47.1 29.3 56.31
1.5 -47.6 30.7 56.66
-20.7 -1.3 28.8 35.49
-3.4 -4.1 20.4 21.08
-9.8 -13.0 20.0 25.79
-4.3 -23.5 25.2 34.72
-3.9 -29.4 32.3 43.85
-0.3 -49.8 35.9 61.39
5.5 -68.1 5.8 68.57
-9.3 -20.0 46.2 51.20
1.8 -29.7 26.6 39.91
6.2 -35.3 22.1 42.11
-0.4 -19.7 20.2 28.22
-1.0 -17.5 19.1 25.92
-1.4 -17.7 18.7 25.79
-1.1 -17.2 18.9 25.58
-0.6 -17.7 18.8 25.83
-0.3 -17.8 18.7 25.82
-0.7 -18.1 19.4 26.54
-0.4 -17.9 20.3 27.07
0.0 -17.8 21.7 28.07
-2.0 -16.7 25.5 30.55
1.9 -43.4 30.5 53.08
-7.0 -25.3 31.5 41.00
-19.1 -66.1 29.2 74.74
-4.1 -0.1 14.2 14.78
1.6 -13.7 18.2 22.84
5.4 -18.6 23.4 30.38
5.5 -29.3 29.8 42.15
4.7 -43.5 42.3 60.86
16.4 -78.2 -26.9 84.31
-6.4 -34.1 -5.5 35.13
29.4 -48.6 26.8 62.81
-11.5 -43.9 20.4 49.76
1.8 -24.9 20.5 32.30
-0.4 -17.2 19.2 25.78
-0.7 -17.3 19.2 25.85
-1.0 -16.9 18.9 25.37
-1.1 -16.6 19.1 25.33
-1.2 -17.3 19.0 25.72
-0.4 -17.0 19.3 25.72
-0.5 -16.8 19.8 25.97
1.0 -16.4 21.6 27.14
-2.9 -13.2 30.4 33.27
-8.1 -12.6 37.5 40.38
8.0 -43.3 29.5 53.00
-16.7 -21.3 27.0 38.23
-17.8 -45.6 25.3 55.10
-6.4 -16.7 7.7 19.47
-10.6 -18.8 10.7 24.09
-3.4 -26.1 16.0 30.80
-11.4 -37.4 26.3 47.12
8.6 -56.8 8.8 58.12
9.5 -74.4 -23.3 78.54
-11.4 -20.4 8.9 25.01
21.4 -45.8 29.9 58.73
1.4 -22.1 19.7 29.64
0.7 -17.9 19.5 26.48
-0.7 -16.9 19.3 25.66
-0.4 -16.7 19.3 25.53
-0.5 -16.8 19.0 25.37
-0.9 -16.5 19.5 25.56
-0.1 -16.9 19.5 25.80
-0.1 -17.0 19.6 25.95
0.2 -17.6 19.8 26.49
1.3 -16.1 25.3 30.02
-7.8 -15.0 31.8 36.01
-10.7 -19.2 38.1 43.99
2.5 -37.0 31.8 48.85
-8.8 -20.6 19.0 29.37
-2.0 2.5 9.4 9.93
-3.0 -16.1 12.5 20.60
-4.1 -16.1 16.1 23.14
-3.5 -34.2 30.6 46.02
-8.1 -49.3 35.4 61.23
6.6 -64.7 3.3 65.12
15.9 -73.0 -27.4 79.58
37.7 -42.7 30.3 64.52
-7.4 -40.8 21.1 46.53
2.1 -24.5 20.0 31.70
0.0 -17.7 19.6 26.41
-1.5 -16.7 19.4 25.64
-1.6 -16.6 19.2 25.43
-0.8 -16.7 19.1 25.38
-1.0 -16.9 19.2 25.60
-0.9 -16.9 19.3 25.67
-0.4 -17.3 19.8 26.30
1.7 -16.3 22.0 27.43
0.9 -16.7 24.5 29.66
-4.3 -13.9 30.4 33.70
12.5 -39.4 26.4 49.05
-21.8 -25.4 24.5 41.48
-8.2 -37.7 22.5 44.66
-7.2 2.4 10.7 13.12
-3.9 -13.4 11.3 17.96
-0.9 -25.3 20.3 32.45
-3.8 -35.7 28.5 45.84
-6.3 -44.3 31.2 54.55
7.2 -64.9 10.0 66.06
-17.8 -23.8 12.8 32.36
34.1 -46.7 30.0 65.14
-16.4 -40.8 20.3 48.43
1.0 -23.6 20.5 31.28
-2.4 -17.0 19.1 25.68
-1.2 -16.7 19.1 25.40
-1.7 -16.8 19.1 25.49
-1.1 -16.9 19.1 25.53
-0.5 -17.7 19.1 26.05
-0.5 -17.5 19.1 25.91
0.3 -18.1 19.0 26.24
0.4 -17.4 19.8 26.36
0.5 -17.7 21.6 27.93
-5.4 -16.5 26.4 31.60
-5.9 -18.2 31.1 36.51
0.2 -43.4 24.1 49.64
-15.1 -14.5 17.2 27.09
-8.5 -20.8 9.5 24.40
2.3 -13.9 1.9 14.22
1.5 -11.5 7.1 13.60
-5.7 -28.4 13.4 31.92
-20.6 -44.8 17.4 52.29
-17.0 -63.8 -0.5 66.03
10.5 -51.0 -20.5 55.96
-18.6 -19.6 34.6 43.90
-10.2 -34.0 22.9 42.24
-0.9 -18.7 19.2 26.82
0.1 -16.9 19.2 25.58
-0.9 -17.2 19.0 25.64
-1.1 -16.3 19.3 25.29
-0.8 -16.7 19.3 25.53
-1.0 -16.8 19.3 25.61
-2.0 -16.4 19.3 25.41
-1.0 -16.6 19.3 25.48
-1.3 -16.6 19.5 25.64
-1.1 -15.7 19.7 25.21
-0.4 -15.4 19.6 24.93
-3.0 -15.8 19.5 25.28
-2.4 -15.9 19.4 25.20
-0.2 -15.4 19.7 25.01
0.3 -15.8 19.5 25.10
-2.5 -15.9 19.5 25.28
-2.6 -16.3 19.3 25.40
-2.4 -16.2 19.5 25.46
-0.8 -15.7 19.6 25.13
-0.6 -15.3 19.7 24.95
-2.0 -16.1 19.5 25.37
-1.1 -15.8 19.6 25.20
-1.5 -16.0 19.6 25.35
-1.7 -15.4 19.8 25.14
-1.5 -15.8 19.3 24.99
-1.3 -15.7 19.5 25.07
-1.5 -15.8 19.6 25.22
-0.9 -15.8 19.5 25.11
-1.6 -15.6 19.7 25.18
-1.3 -15.8 19.6 25.21
-1.5 -15.7 19.7 25.24
-1.6 -15.8 19.7 25.30
-1.4 -15.9 19.5 25.20
-1.2 -16.1 20.3 25.94
-1.5 -15.8 19.6 25.22
-1.5 -15.9 19.5 25.21
-1.6 -15.8 19.4 25.07
